{
 "cells": [
  {
   "attachments": {},
   "cell_type": "markdown",
   "metadata": {},
   "source": [
    "# Load data"
   ]
  },
  {
   "cell_type": "code",
   "execution_count": 13,
   "metadata": {},
   "outputs": [
    {
     "name": "stdout",
     "output_type": "stream",
     "text": [
      "[['\\ufeff['], ['  ['], ['    [1', ' 0.74912488', ' 0.94462675', ' 0.81221404]', ''], ['    [1.33489092', ' 1', ' 1.31850973', ' 1.19237963]', ''], ['    [1.05861919', ' 0.75843202', ' 1', ' 0.94786255]', ''], ['    [1.23120255', ' 0.83866098', ' 1.05500529', ' 1]'], ['  ]', ''], ['  ['], ['    [1', ' 1.05520491', ' 1.03978915', ' 0.88250127]', ''], ['    [0.94768323', ' 1', ' 0.90621364', ' 1.01989203]', ''], ['    [0.96173344', ' 1.10349255', ' 1', ' 1.07302665]', ''], ['    [1.13314284', ' 0.98049595', ' 0.9319433', ' 1]'], ['  ]', ''], ['  ['], ['    [1', ' 0.79250775', ' 1.11990843', ' 0.87001882]', ''], ['    [1.26181731', ' 1', ' 1.20700912', ' 0.94637239]', ''], ['    [0.89293015', ' 0.82849415', ' 1', ' 1.18514954]', ''], ['    [1.14940042', ' 1.05666650', ' 0.84377538', ' 1]'], ['  ]', ''], ['  ['], ['    [1', ' 0.99808379', ' 0.93801814', ' 1.12934662]', ''], ['    [1.00191989', ' 1', ' 1.17099195', ' 0.73007511]', ''], ['    [1.06607746', ' 0.85397684', ' 1', ' 0.89569028]', ''], ['    [0.88546774', ' 1.36972208', ' 1.11645735', ' 1]'], ['  ]', ''], ['  ['], ['    [1', ' 1.04405561', ' 0.96304367', ' 0.81453246]', ''], ['    [0.95780339', ' 1', ' 1.03931357', ' 0.83544341]', ''], ['    [1.03837451', ' 0.96217352', ' 1', ' 0.90157670]', ''], ['    [1.22769816', ' 1.19696916', ' 1.10916797', ' 1]'], ['  ]', ''], ['  ['], ['    [1', ' 0.83494971', ' 1.15907876', ' 1.21665772]', ''], ['    [1.19767692', ' 1', ' 1.16562366', ' 0.92030945]', ''], ['    [0.86275414', ' 0.85790983', ' 1', ' 0.91766353]', ''], ['    [ 0.82192385', ' 1.08659104', ' 1.08972403', ' 1]'], ['  ]', ''], ['  ['], ['    [1', ' 0.97668937', ' 1.02210741', ' 1.09780327]', ''], ['    [1.02386698', ' 1', ' 0.87484491', ' 0.92341877]', ''], ['    [0.97837075', ' 1.14305975', ' 1', ' 0.92270669]', ''], ['    [0.91091002', ' 1.08293229', ' 1.08376802', ' 1]    '], ['  ]', ''], ['  ['], ['    [1', ' 1.11961273', ' 1.15889364', ' 0.88618443]', ''], ['    [0.89316598', ' 1', ' 0.97182169', ' 1.03639786]', ''], ['    [0.86289196', ' 1.02899535', ' 1', ' 1.11858313]', ''], ['    [1.12843328', ' 0.96488042', ' 0.89398809', ' 1]'], ['  ]', ''], ['  ['], ['    [1', ' 0.93567932', ' 0.91899853', ' 1.13313362]', ''], ['    [1.06874223', ' 1', ' 0.89714458', ' 1.17323054]', ''], ['    [1.08814103', ' 1.11464754', ' 1', ' 1.06657522]', ''], ['    [0.88250845', ' 0.8523474', ' 0.93758038', ' 1]'], ['  ]', ''], ['  ['], ['    [1', ' 1.05261906', ' 0.87062129', ' 0.940556]', ''], ['    [0.9500113', ' 1', ' 1.09564697', ' 1.05835392]', ''], ['    [1.14860503', ' 0.91270275', ' 1', ' 1.16567599]', ''], ['    [1.06320091', ' 0.94486351', ' 0.85787132', ' 1]'], ['  ]', ''], ['  ['], ['    [1', ' 1.08044319', ' 0.96728451', ' 0.88866342]', ''], ['    [0.89316598', ' 1', ' 1.14402467', ' 0.91814488]', ''], ['    [0.86289196', ' 0.87410703', ' 1', ' 1.1469671]', ''], ['    [1.12843328', ' 1.08915273', ' 0.87186459', ' 1]    '], ['  ]', ''], ['  ['], ['    [1', ' 0.97068223', ' 0.92775136', ' 0.94431319]', ''], ['    [1.03020326', ' 1', ' 1.1201099', ' 0.9815868]', ''], ['    [1.077875', ' 0.89276954', ' 1', ' 0.92149579]', ''], ['    [1.0589707', ' 1.0187586', ' 1.08519216', ' 1]'], ['  ]'], [']']]\n"
     ]
    }
   ],
   "source": [
    "# import csv\n",
    "\n",
    "# # Open the text file\n",
    "# with open(filename, 'r') as f:\n",
    "\n",
    "#     # Read the data into a list of lists\n",
    "#     data = list(csv.reader(f, delimiter=','))\n",
    "\n",
    "#     # Print the data\n",
    "#     print(data)\n"
   ]
  },
  {
   "cell_type": "code",
   "execution_count": 8,
   "metadata": {},
   "outputs": [],
   "source": [
    "matrices = [\n",
    "    [\n",
    "        [1, 0.74912488, 0.94462675, 0.81221404],\n",
    "        [1.33489092, 1, 1.31850973, 1.19237963],\n",
    "        [1.05861919, 0.75843202, 1, 0.94786255],\n",
    "        [1.23120255, 0.83866098, 1.05500529, 1]\n",
    "    ],\n",
    "    [\n",
    "        [1, 1.05520491, 1.03978915, 0.88250127],\n",
    "        [0.94768323, 1, 0.90621364, 1.01989203],\n",
    "        [0.96173344, 1.10349255, 1, 1.07302665],\n",
    "        [1.13314284, 0.98049595, 0.9319433, 1]\n",
    "    ],\n",
    "    [\n",
    "        [1, 0.79250775, 1.11990843, 0.87001882],\n",
    "        [1.26181731, 1, 1.20700912, 0.94637239],\n",
    "        [0.89293015, 0.82849415, 1, 1.18514954],\n",
    "        [1.14940042, 1.05666650, 0.84377538, 1]\n",
    "    ],\n",
    "    [\n",
    "        [1, 0.99808379, 0.93801814, 1.12934662],\n",
    "        [1.00191989, 1, 1.17099195, 0.73007511],\n",
    "        [1.06607746, 0.85397684, 1, 0.89569028],\n",
    "        [0.88546774, 1.36972208, 1.11645735, 1]\n",
    "    ],\n",
    "    [\n",
    "        [1, 1.04405561, 0.96304367, 0.81453246],\n",
    "        [0.95780339, 1, 1.03931357, 0.83544341],\n",
    "        [1.03837451, 0.96217352, 1, 0.90157670],\n",
    "        [1.22769816, 1.19696916, 1.10916797, 1]\n",
    "    ],\n",
    "    [\n",
    "        [1, 0.83494971, 1.15907876, 1.21665772],\n",
    "        [1.19767692, 1, 1.16562366, 0.92030945],\n",
    "        [0.86275414, 0.85790983, 1, 0.91766353],\n",
    "        [0.82192385, 1.08659104, 1.08972403, 1]\n",
    "    ],\n",
    "    [\n",
    "        [1, 0.97668937, 1.02210741, 1.09780327],\n",
    "        [1.02386698, 1, 0.87484491, 0.92341877],\n",
    "        [0.97837075, 1.14305975, 1, 0.92270669],\n",
    "        [0.91091002, 1.08293229, 1.08376802, 1]\n",
    "    ],\n",
    "    [\n",
    "        [1, 1.11961273, 1.15889364, 0.88618443],\n",
    "        [0.89316598, 1, 0.97182169, 1.03639786],\n",
    "        [0.86289196, 1.02899535, 1, 1.11858313],\n",
    "        [1.12843328, 0.96488042, 0.89398809, 1]\n",
    "    ],\n",
    "    [\n",
    "        [1, 0.93567932, 0.91899853, 1.13313362],\n",
    "        [1.06874223, 1, 0.89714458, 1.17323054],\n",
    "        [1.08814103, 1.11464754, 1, 1.06657522],\n",
    "        [0.88250845, 0.8523474, 0.93758038, 1]\n",
    "    ],\n",
    "    [\n",
    "        [1, 1.05261906, 0.87062129, 0.940556],\n",
    "        [0.9500113, 1, 1.09564697, 1.05835392],\n",
    "        [1.14860503, 0.91270275, 1, 1.16567599],\n",
    "        [1.06320091, 0.94486351, 0.85787132, 1]\n",
    "    ],\n",
    "    [\n",
    "        [1, 1.08044319, 0.96728451, 0.88866342],\n",
    "        [0.89316598, 1, 1.14402467, 0.91814488],\n",
    "        [0.86289196, 0.87410703, 1, 1.1469671],\n",
    "        [1.12843328, 1.08915273, 0.87186459, 1]\n",
    "    ],\n",
    "    [\n",
    "        [1, 0.97068223, 0.92775136, 0.94431319],\n",
    "        [1.03020326, 1, 1.1201099, 0.9815868],\n",
    "        [1.077875, 0.89276954, 1, 0.92149579],\n",
    "        [1.0589707, 1.0187586, 1.08519216, 1]\n",
    "    ]\n",
    "]\n",
    "\n",
    "matrices = np.array(matrices)"
   ]
  },
  {
   "cell_type": "code",
   "execution_count": 58,
   "metadata": {},
   "outputs": [
    {
     "name": "stdout",
     "output_type": "stream",
     "text": [
      "[[1.         0.74912488 0.94462675 0.81221404]\n",
      " [1.33489092 1.         1.31850973 1.19237963]\n",
      " [1.05861919 0.75843202 1.         0.94786255]\n",
      " [1.23120255 0.83866098 1.05500529 1.        ]]\n",
      "[[1.         1.33489092 1.05861919 1.23120255]\n",
      " [0.74912488 1.         0.75843202 0.83866098]\n",
      " [0.94462675 1.31850973 1.         1.05500529]\n",
      " [0.81221404 1.19237963 0.94786255 1.        ]]\n",
      "[[3.11319943 4.29798284 3.34127351 3.66826461]\n",
      " [4.29798284 5.94217086 4.62029489 5.06559645]\n",
      " [3.34127351 4.62029489 3.59433713 3.94230983]\n",
      " [3.66826461 5.06559645 3.94230983 4.33224812]]\n",
      "[[3.11319943 4.29798284 3.34127351 3.66826461]\n",
      " [4.29798284 5.94217086 4.62029489 5.06559645]\n",
      " [3.34127351 4.62029489 3.59433713 3.94230983]\n",
      " [3.66826461 5.06559645 3.94230983 4.33224812]]\n",
      "[[4.         2.89585716 3.73387205 3.41304565]\n",
      " [5.53364238 4.00000227 5.15595995 4.7187424 ]\n",
      " [4.29667319 3.10483735 4.00000001 3.65988936]\n",
      " [4.69877487 3.39979622 4.37882011 4.00000227]]\n",
      "[[3.11319943 4.29798284 3.34127351 3.66826461]\n",
      " [4.29798284 5.94217086 4.62029489 5.06559645]\n",
      " [3.34127351 4.62029489 3.59433713 3.94230983]\n",
      " [3.66826461 5.06559645 3.94230983 4.33224812]]\n",
      "False\n",
      "[[1.         1.05520491 1.03978915 0.88250127]\n",
      " [0.94768323 1.         0.90621364 1.01989203]\n",
      " [0.96173344 1.10349255 1.         1.07302665]\n",
      " [1.13314284 0.98049595 0.9319433  1.        ]]\n",
      "[[1.         0.94768323 0.96173344 1.13314284]\n",
      " [1.05520491 1.         1.10349255 0.98049595]\n",
      " [1.03978915 0.90621364 1.         0.9319433 ]\n",
      " [0.88250127 1.01989203 1.07302665 1.        ]]\n",
      "[[3.97342737 3.84521526 4.11288073 4.01929278]\n",
      " [3.84521526 3.75950642 4.01549617 3.91878818]\n",
      " [4.11288073 4.01549617 4.29401321 4.17672129]\n",
      " [4.01929278 3.91878818 4.17672129 4.11390332]]\n",
      "[[3.97342737 3.84521526 4.11288073 4.01929278]\n",
      " [3.84521526 3.75950642 4.01549617 3.91878818]\n",
      " [4.11288073 4.01549617 4.29401321 4.17672129]\n",
      " [4.01929278 3.91878818 4.17672129 4.11390332]]\n",
      "[[3.99999999 4.12309832 3.85826053 3.95691909]\n",
      " [3.92258577 4.         3.74829956 3.8485071 ]\n",
      " [4.18512073 4.27390923 3.99999999 4.12022754]\n",
      " [4.09176628 4.18508228 3.93065503 4.        ]]\n",
      "[[3.97342737 3.84521526 4.11288073 4.01929278]\n",
      " [3.84521526 3.75950642 4.01549617 3.91878818]\n",
      " [4.11288073 4.01549617 4.29401321 4.17672129]\n",
      " [4.01929278 3.91878818 4.17672129 4.11390332]]\n",
      "False\n",
      "[[1.         0.79250775 1.11990843 0.87001882]\n",
      " [1.26181731 1.         1.20700912 0.94637239]\n",
      " [0.89293015 0.82849415 1.         1.18514954]\n",
      " [1.14940042 1.0566665  0.84377538 1.        ]]\n",
      "[[1.         1.26181731 0.89293015 1.14940042]\n",
      " [0.79250775 1.         0.82849415 1.0566665 ]\n",
      " [1.11990843 1.20700912 1.         0.84377538]\n",
      " [0.87001882 0.94637239 1.18514954 1.        ]]\n",
      "[[3.63919617 4.22942654 3.70052902 3.80178679]\n",
      " [4.22942654 4.94467464 4.28381079 4.47181681]\n",
      " [3.70052902 4.28381079 3.88830624 3.93070122]\n",
      " [3.80178679 4.47181681 3.93070122 4.14962231]]\n",
      "[[3.63919617 4.22942654 3.70052902 3.80178679]\n",
      " [4.22942654 4.94467464 4.28381079 4.47181681]\n",
      " [3.70052902 4.28381079 3.88830624 3.93070122]\n",
      " [3.80178679 4.47181681 3.93070122 4.14962231]]\n",
      "[[4.         3.43217282 3.9304814  3.81730405]\n",
      " [4.68917028 3.99999999 4.62566381 4.42103589]\n",
      " [4.19347994 3.61695018 4.         3.9312291 ]\n",
      " [4.3855534  3.72330471 4.25018008 4.        ]]\n",
      "[[3.63919617 4.22942654 3.70052902 3.80178679]\n",
      " [4.22942654 4.94467464 4.28381079 4.47181681]\n",
      " [3.70052902 4.28381079 3.88830624 3.93070122]\n",
      " [3.80178679 4.47181681 3.93070122 4.14962231]]\n",
      "False\n",
      "[[1.         0.99808379 0.93801814 1.12934662]\n",
      " [1.00191989 1.         1.17099195 0.73007511]\n",
      " [1.06607746 0.85397684 1.         0.89569028]\n",
      " [0.88546774 1.36972208 1.11645735 1.        ]]\n",
      "[[1.         1.00191989 1.06607746 0.88546774]\n",
      " [0.99808379 1.         0.85397684 1.36972208]\n",
      " [0.93801814 1.17099195 1.         1.11645735]\n",
      " [1.12934662 0.73007511 0.89569028 1.        ]]\n",
      "[[4.15147307 3.92292323 3.86798083 4.42916901]\n",
      " [3.92292323 3.90807528 3.74701418 4.2943275 ]\n",
      " [3.86798083 3.74701418 3.66805867 4.12583576]\n",
      " [4.42916901 4.2943275  4.12583576 4.90666871]]\n",
      "[[4.15147307 3.92292323 3.86798083 4.42916901]\n",
      " [3.92292323 3.90807528 3.74701418 4.2943275 ]\n",
      " [3.86798083 3.74701418 3.66805867 4.12583576]\n",
      " [4.42916901 4.2943275  4.12583576 4.90666871]]\n",
      "[[4.         4.34410435 4.3056517  3.8275431 ]\n",
      " [3.89866586 4.         4.09690065 3.64051117]\n",
      " [3.78087615 3.99883507 4.         3.61881877]\n",
      " [4.33351729 4.57664388 4.66743303 3.99999999]]\n",
      "[[4.15147307 3.92292323 3.86798083 4.42916901]\n",
      " [3.92292323 3.90807528 3.74701418 4.2943275 ]\n",
      " [3.86798083 3.74701418 3.66805867 4.12583576]\n",
      " [4.42916901 4.2943275  4.12583576 4.90666871]]\n",
      "False\n",
      "[[1.         1.04405561 0.96304367 0.81453246]\n",
      " [0.95780339 1.         1.03931357 0.83544341]\n",
      " [1.03837451 0.96217352 1.         0.9015767 ]\n",
      " [1.22769816 1.19696916 1.10916797 1.        ]]\n",
      "[[1.         0.95780339 1.03837451 1.22769816]\n",
      " [1.04405561 1.         0.96217352 1.19696916]\n",
      " [0.96304367 1.03931357 1.         1.10916797]\n",
      " [0.81453246 0.83544341 0.9015767  1.        ]]\n",
      "[[3.68096836 3.68325913 3.74034433 4.36011018]\n",
      " [3.68325913 3.69552572 3.74926203 4.36107935]\n",
      " [3.74034433 3.74926203 3.81684005 4.43724718]\n",
      " [4.36011018 4.36107935 4.43724718 5.17023153]]\n",
      "[[3.68096836 3.68325913 3.74034433 4.36011018]\n",
      " [3.68325913 3.69552572 3.74926203 4.36107935]\n",
      " [3.74034433 3.74926203 3.81684005 4.43724718]\n",
      " [4.36011018 4.36107935 4.43724718 5.17023153]]\n",
      "[[4.         3.98969657 3.91464182 3.36957203]\n",
      " [4.02047584 4.         3.9276807  3.38806967]\n",
      " [4.10518613 4.08762728 3.99999999 3.45278467]\n",
      " [4.75358919 4.74293552 4.64468917 4.        ]]\n",
      "[[3.68096836 3.68325913 3.74034433 4.36011018]\n",
      " [3.68325913 3.69552572 3.74926203 4.36107935]\n",
      " [3.74034433 3.74926203 3.81684005 4.43724718]\n",
      " [4.36011018 4.36107935 4.43724718 5.17023153]]\n",
      "False\n",
      "[[1.         0.83494971 1.15907876 1.21665772]\n",
      " [1.19767692 1.         1.16562366 0.92030945]\n",
      " [0.86275414 0.85790983 1.         0.91766353]\n",
      " [0.82192385 1.08659104 1.08972403 1.        ]]\n",
      "[[1.         1.19767692 0.86275414 0.82192385]\n",
      " [0.83494971 1.         0.85790983 1.08659104]\n",
      " [1.15907876 1.16562366 1.         1.08972403]\n",
      " [1.21665772 0.92030945 0.91766353 1.        ]]\n",
      "[[4.5208606  4.50337785 3.85462688 4.20890642]\n",
      " [4.50337785 4.64007801 3.90136863 4.26150783]\n",
      " [3.85462688 3.90136863 3.32246034 3.6487029 ]\n",
      " [4.20890642 4.26150783 3.6487029  4.04373736]]\n",
      "[[4.5208606  4.50337785 3.85462688 4.20890642]\n",
      " [4.50337785 4.64007801 3.90136863 4.26150783]\n",
      " [3.85462688 3.90136863 3.32246034 3.6487029 ]\n",
      " [4.20890642 4.26150783 3.6487029  4.04373736]]\n",
      "[[3.99999999 3.98629386 4.61721581 4.26537185]\n",
      " [4.15742476 4.         4.72233252 4.36743209]\n",
      " [3.50725662 3.43330095 3.99999999 3.67454607]\n",
      " [3.88539663 3.79433212 4.39867876 4.        ]]\n",
      "[[4.5208606  4.50337785 3.85462688 4.20890642]\n",
      " [4.50337785 4.64007801 3.90136863 4.26150783]\n",
      " [3.85462688 3.90136863 3.32246034 3.6487029 ]\n",
      " [4.20890642 4.26150783 3.6487029  4.04373736]]\n",
      "False\n",
      "[[1.         0.97668937 1.02210741 1.09780327]\n",
      " [1.02386698 1.         0.87484491 0.92341877]\n",
      " [0.97837075 1.14305975 1.         0.92270669]\n",
      " [0.91091002 1.08293229 1.08376802 1.        ]]\n",
      "[[1.         1.02386698 0.97837075 0.91091002]\n",
      " [0.97668937 1.         1.14305975 1.08293229]\n",
      " [1.02210741 0.87484491 1.         1.08376802]\n",
      " [1.09780327 0.92341877 0.92270669 1.        ]]\n",
      "[[4.2037977  3.90847396 4.12984289 4.17412907]\n",
      " [3.90847396 3.66635943 3.87167084 3.88713069]\n",
      " [4.12984289 3.87167084 4.11518255 4.13553874]\n",
      " [4.17412907 3.88713069 4.13553874 4.17705253]]\n",
      "[[4.2037977  3.90847396 4.12984289 4.17412907]\n",
      " [3.90847396 3.66635943 3.87167084 3.88713069]\n",
      " [4.12984289 3.87167084 4.11518255 4.13553874]\n",
      " [4.17412907 3.88713069 4.13553874 4.17705253]]\n",
      "[[3.99999999 4.31055519 4.08843062 4.04060518]\n",
      " [3.74480804 4.         3.79696358 3.77806731]\n",
      " [3.9675854  4.24091268 4.         3.97499482]\n",
      " [3.99092558 4.29435232 4.04598172 4.        ]]\n",
      "[[4.2037977  3.90847396 4.12984289 4.17412907]\n",
      " [3.90847396 3.66635943 3.87167084 3.88713069]\n",
      " [4.12984289 3.87167084 4.11518255 4.13553874]\n",
      " [4.17412907 3.88713069 4.13553874 4.17705253]]\n",
      "False\n",
      "[[1.         1.11961273 1.15889364 0.88618443]\n",
      " [0.89316598 1.         0.97182169 1.03639786]\n",
      " [0.86289196 1.02899535 1.         1.11858313]\n",
      " [1.12843328 0.96488042 0.89398809 1.        ]]\n",
      "[[1.         0.89316598 0.86289196 1.12843328]\n",
      " [1.11961273 1.         1.02899535 0.96488042]\n",
      " [1.15889364 0.97182169 1.         0.89398809]\n",
      " [0.88618443 1.03639786 1.11858313 1.        ]]\n",
      "[[4.38188998 4.05745633 4.16513285 4.13094722]\n",
      " [4.05745633 3.81630339 3.93081995 3.87795351]\n",
      " [4.16513285 3.93081995 4.05464218 3.97914469]\n",
      " [4.13094722 3.87795351 3.97914469 4.0035706 ]]\n",
      "[[4.38188998 4.05745633 4.16513285 4.13094722]\n",
      " [4.05745633 3.81630339 3.93081995 3.87795351]\n",
      " [4.16513285 3.93081995 4.05464218 3.97914469]\n",
      " [4.13094722 3.87795351 3.97914469 4.0035706 ]]\n",
      "[[4.00000001 4.28678363 4.19808954 4.22905197]\n",
      " [3.79441492 4.         3.9052551  3.95136885]\n",
      " [3.90709399 4.10339448 4.         4.06829626]\n",
      " [3.89008006 4.11307869 4.03340205 4.        ]]\n",
      "[[4.38188998 4.05745633 4.16513285 4.13094722]\n",
      " [4.05745633 3.81630339 3.93081995 3.87795351]\n",
      " [4.16513285 3.93081995 4.05464218 3.97914469]\n",
      " [4.13094722 3.87795351 3.97914469 4.0035706 ]]\n",
      "False\n",
      "[[1.         0.93567932 0.91899853 1.13313362]\n",
      " [1.06874223 1.         0.89714458 1.17323054]\n",
      " [1.08814103 1.11464754 1.         1.06657522]\n",
      " [0.88250845 0.8523474  0.93758038 1.        ]]\n",
      "[[1.         1.06874223 1.08814103 0.88250845]\n",
      " [0.93567932 1.         1.11464754 0.8523474 ]\n",
      " [0.91899853 0.89714458 1.         0.93758038]\n",
      " [1.13313362 1.17323054 1.06657522 1.        ]]\n",
      "[[4.00404589 4.15832307 4.25866445 3.6748009 ]\n",
      " [4.15832307 4.32354825 4.42607301 3.80989715]\n",
      " [4.25866445 4.42607301 4.56407274 3.91451619]\n",
      " [3.6748009  3.80989715 3.91451619 3.38437422]]\n",
      "[[4.00404589 4.15832307 4.25866445 3.6748009 ]\n",
      " [4.15832307 4.32354825 4.42607301 3.80989715]\n",
      " [4.25866445 4.42607301 4.56407274 3.91451619]\n",
      " [3.6748009  3.80989715 3.91451619 3.38437422]]\n",
      "[[4.         3.86154159 3.73984054 4.34421585]\n",
      " [4.14909015 4.         3.87645963 4.51436101]\n",
      " [4.3088146  4.15653875 4.00000001 4.67389816]\n",
      " [3.69617624 3.57551137 3.45086358 4.        ]]\n",
      "[[4.00404589 4.15832307 4.25866445 3.6748009 ]\n",
      " [4.15832307 4.32354825 4.42607301 3.80989715]\n",
      " [4.25866445 4.42607301 4.56407274 3.91451619]\n",
      " [3.6748009  3.80989715 3.91451619 3.38437422]]\n",
      "False\n",
      "[[1.         1.05261906 0.87062129 0.940556  ]\n",
      " [0.9500113  1.         1.09564697 1.05835392]\n",
      " [1.14860503 0.91270275 1.         1.16567599]\n",
      " [1.06320091 0.94486351 0.85787132 1.        ]]\n",
      "[[1.         0.9500113  1.14860503 1.06320091]\n",
      " [1.05261906 1.         0.91270275 0.94486351]\n",
      " [0.87062129 1.09564697 1.         0.85787132]\n",
      " [0.940556   1.05835392 1.16567599 1.        ]]\n",
      "[[3.75063391 3.95196507 4.07633818 3.74521928]\n",
      " [3.95196507 4.22307677 4.33323523 3.95319442]\n",
      " [4.07633818 4.33323523 4.51112034 4.10712475]\n",
      " [3.74521928 3.95319442 4.10712475 3.75910643]]\n",
      "[[3.75063391 3.95196507 4.07633818 3.74521928]\n",
      " [3.95196507 4.22307677 4.33323523 3.95319442]\n",
      " [4.07633818 4.33323523 4.51112034 4.10712475]\n",
      " [3.74521928 3.95319442 4.10712475 3.75910643]]\n",
      "[[3.99999999 3.78855361 3.70141748 4.01001784]\n",
      " [4.28373107 4.         3.92632548 4.28741603]\n",
      " [4.40363576 4.13585375 4.         4.37764187]\n",
      " [4.00938814 3.79185408 3.67662483 4.        ]]\n",
      "[[3.75063391 3.95196507 4.07633818 3.74521928]\n",
      " [3.95196507 4.22307677 4.33323523 3.95319442]\n",
      " [4.07633818 4.33323523 4.51112034 4.10712475]\n",
      " [3.74521928 3.95319442 4.10712475 3.75910643]]\n",
      "False\n",
      "[[1.         1.08044319 0.96728451 0.88866342]\n",
      " [0.89316598 1.         1.14402467 0.91814488]\n",
      " [0.86289196 0.87410703 1.         1.1469671 ]\n",
      " [1.12843328 1.08915273 0.87186459 1.        ]]\n",
      "[[1.         0.89316598 0.86289196 1.12843328]\n",
      " [1.08044319 1.         0.87410703 1.08915273]\n",
      " [0.96728451 1.14402467 1.         0.87186459]\n",
      " [0.88866342 0.91814488 1.1469671  1.        ]]\n",
      "[[3.89271948 3.89612828 3.79386716 4.03720546]\n",
      " [3.89612828 3.94952793 3.84191941 4.01261043]\n",
      " [3.79386716 3.84191941 3.82417916 3.94458375]\n",
      " [4.03720546 4.01261043 3.94458375 4.2197632 ]]\n",
      "[[3.89271948 3.89612828 3.79386716 4.03720546]\n",
      " [3.89612828 3.94952793 3.84191941 4.01261043]\n",
      " [3.79386716 3.84191941 3.82417916 3.94458375]\n",
      " [4.03720546 4.01261043 3.94458375 4.2197632 ]]\n",
      "[[3.80247451 3.97428676 3.94541685 3.87877373]\n",
      " [3.80956689 3.96501511 3.95249297 3.94217235]\n",
      " [3.80078243 3.92974215 3.83466203 3.86331161]\n",
      " [3.98198567 4.15961648 4.0812628  4.00279738]]\n",
      "[[3.89271948 3.89612828 3.79386716 4.03720546]\n",
      " [3.89612828 3.94952793 3.84191941 4.01261043]\n",
      " [3.79386716 3.84191941 3.82417916 3.94458375]\n",
      " [4.03720546 4.01261043 3.94458375 4.2197632 ]]\n",
      "False\n",
      "[[1.         0.97068223 0.92775136 0.94431319]\n",
      " [1.03020326 1.         1.1201099  0.9815868 ]\n",
      " [1.077875   0.89276954 1.         0.92149579]\n",
      " [1.0589707  1.0187586  1.08519216 1.        ]]\n",
      "[[1.         1.03020326 1.077875   1.0589707 ]\n",
      " [0.97068223 1.         0.89276954 1.0187586 ]\n",
      " [0.92775136 1.1201099  1.         1.08519216]\n",
      " [0.94431319 0.9815868  0.92149579 1.        ]]\n",
      "[[3.69467398 3.96699434 3.74240252 3.99896326]\n",
      " [3.96699434 4.27947759 4.02783788 4.30683495]\n",
      " [3.74240252 4.02783788 3.80800646 4.05764264]\n",
      " [3.99896326 4.30683495 4.05764264 4.33693005]]\n",
      "[[3.69467398 3.96699434 3.74240252 3.99896326]\n",
      " [3.96699434 4.27947759 4.02783788 4.30683495]\n",
      " [3.74240252 4.02783788 3.80800646 4.05764264]\n",
      " [3.99896326 4.30683495 4.05764264 4.33693005]]\n",
      "[[3.99999999 3.7316598  3.96753477 3.69635422]\n",
      " [4.30721664 3.99999999 4.26120258 3.96818468]\n",
      " [4.05132113 3.77059495 4.         3.73717396]\n",
      " [4.33717133 4.03426775 4.29396742 4.        ]]\n",
      "[[3.69467398 3.96699434 3.74240252 3.99896326]\n",
      " [3.96699434 4.27947759 4.02783788 4.30683495]\n",
      " [3.74240252 4.02783788 3.80800646 4.05764264]\n",
      " [3.99896326 4.30683495 4.05764264 4.33693005]]\n",
      "False\n"
     ]
    }
   ],
   "source": [
    "import numpy as np\n",
    "\n",
    "\n",
    "def is_unitary(matrix):\n",
    "  \"\"\"\n",
    "  Check if a matrix is unitary.\n",
    "\n",
    "  Args:\n",
    "    matrix: The matrix to check.\n",
    "\n",
    "  Returns:\n",
    "    True if the matrix is unitary, False otherwise.\n",
    "  \"\"\"\n",
    "\n",
    "  print(matrix @ matrix.conj().T)\n",
    "  return np.allclose(matrix @ matrix.conj().T, np.eye(matrix.shape[0]), atol=1)\n",
    "\n",
    "\n",
    "for matrix in data:\n",
    "    print(matrix)\n",
    "    print(matrix.conj().T)\n",
    "    print(matrix @ matrix.conj().T)\n",
    "    print(np.matmul(matrix,matrix.conj().T))\n",
    "    print(np.einsum('...ij,...jk->...ik', matrix,matrix))\n",
    "    print(is_unitary(matrix))\n"
   ]
  },
  {
   "cell_type": "code",
   "execution_count": 23,
   "metadata": {},
   "outputs": [
    {
     "name": "stdout",
     "output_type": "stream",
     "text": [
      "True\n"
     ]
    }
   ],
   "source": [
    "import numpy as np\n",
    "\n",
    "# Create a list of matrices\n",
    "matrices = [[1, 0], [0, 1]]\n",
    "\n",
    "# Check if the arrays are unitary\n",
    "print(np.allclose(np.eye(2), np.einsum('...ij,...jk->...ik', matrices, matrices)))\n"
   ]
  },
  {
   "cell_type": "code",
   "execution_count": 51,
   "metadata": {},
   "outputs": [
    {
     "data": {
      "text/plain": [
       "array([1.        , 0.74912488, 0.94462675, 0.81221404])"
      ]
     },
     "execution_count": 51,
     "metadata": {},
     "output_type": "execute_result"
    }
   ],
   "source": [
    "m1= np.array([[1, 0.74912488, 0.94462675, 0.81221404],\n",
    "[1.33489092, 1, 1.31850973, 1.19237963],\n",
    "[1.05861919, 0.75843202, 1, 0.94786255],\n",
    "[1.23120255, 0.83866098, 1.05500529, 1]])\n",
    "m1[0,:] "
   ]
  },
  {
   "cell_type": "code",
   "execution_count": 52,
   "metadata": {},
   "outputs": [
    {
     "data": {
      "text/plain": [
       "array([1.        , 1.33489092, 1.05861919, 1.23120255])"
      ]
     },
     "execution_count": 52,
     "metadata": {},
     "output_type": "execute_result"
    }
   ],
   "source": [
    "m1[:,0]"
   ]
  },
  {
   "cell_type": "code",
   "execution_count": 53,
   "metadata": {},
   "outputs": [
    {
     "data": {
      "text/plain": [
       "4.000000002389224"
      ]
     },
     "execution_count": 53,
     "metadata": {},
     "output_type": "execute_result"
    }
   ],
   "source": [
    "np.dot(m1[0,:], m1[:,0])"
   ]
  },
  {
   "cell_type": "code",
   "execution_count": 49,
   "metadata": {},
   "outputs": [
    {
     "data": {
      "text/plain": [
       "array([1.        , 1.33489092, 1.05861919, 1.23120255])"
      ]
     },
     "execution_count": 49,
     "metadata": {},
     "output_type": "execute_result"
    }
   ],
   "source": [
    "# get first column of m1\n",
    "m1[:,0]"
   ]
  },
  {
   "cell_type": "code",
   "execution_count": 62,
   "metadata": {},
   "outputs": [
    {
     "data": {
      "text/plain": [
       "4.296673185544761"
      ]
     },
     "execution_count": 62,
     "metadata": {},
     "output_type": "execute_result"
    }
   ],
   "source": [
    "np.dot(m1[2,:], m1[:,0])"
   ]
  },
  {
   "attachments": {},
   "cell_type": "markdown",
   "metadata": {},
   "source": [
    "# Matrices are not UNITARY and indeed actually they shouldn't be. The only condition necessary is that they are traceless up to an identity matrix. AND that when piecewise multiplied with their tranpose they give a matrices of all ones. "
   ]
  },
  {
   "cell_type": "code",
   "execution_count": 9,
   "metadata": {},
   "outputs": [
    {
     "name": "stdout",
     "output_type": "stream",
     "text": [
      "[[1.         1.         1.         1.        ]\n",
      " [1.         1.         1.         1.00000227]\n",
      " [1.         1.         1.         1.        ]\n",
      " [1.         1.00000227 1.         1.        ]]\n",
      "True\n",
      "True\n",
      "[[1. 1. 1. 1.]\n",
      " [1. 1. 1. 1.]\n",
      " [1. 1. 1. 1.]\n",
      " [1. 1. 1. 1.]]\n",
      "True\n",
      "True\n",
      "[[1.         1.         1.         1.        ]\n",
      " [1.         1.         0.99999999 1.        ]\n",
      " [1.         0.99999999 1.         1.        ]\n",
      " [1.         1.         1.         1.        ]]\n",
      "True\n",
      "True\n",
      "[[1.         1.         1.         1.        ]\n",
      " [1.         1.         1.00000001 1.        ]\n",
      " [1.         1.00000001 1.         1.        ]\n",
      " [1.         1.         1.         1.        ]]\n",
      "True\n",
      "True\n",
      "[[1. 1. 1. 1.]\n",
      " [1. 1. 1. 1.]\n",
      " [1. 1. 1. 1.]\n",
      " [1. 1. 1. 1.]]\n",
      "True\n",
      "True\n",
      "[[1. 1. 1. 1.]\n",
      " [1. 1. 1. 1.]\n",
      " [1. 1. 1. 1.]\n",
      " [1. 1. 1. 1.]]\n",
      "True\n",
      "True\n",
      "[[1.         1.         0.99999999 1.        ]\n",
      " [1.         1.         1.         1.        ]\n",
      " [0.99999999 1.         1.         1.        ]\n",
      " [1.         1.         1.         1.        ]]\n",
      "True\n",
      "True\n",
      "[[1. 1. 1. 1.]\n",
      " [1. 1. 1. 1.]\n",
      " [1. 1. 1. 1.]\n",
      " [1. 1. 1. 1.]]\n",
      "True\n",
      "True\n",
      "[[1.         1.         1.00000001 0.99999999]\n",
      " [1.         1.         1.         1.        ]\n",
      " [1.00000001 1.         1.         1.        ]\n",
      " [0.99999999 1.         1.         1.        ]]\n",
      "True\n",
      "True\n",
      "[[1.         1.         0.99999999 1.        ]\n",
      " [1.         1.         1.         1.        ]\n",
      " [0.99999999 1.         1.         1.        ]\n",
      " [1.         1.         1.         1.        ]]\n",
      "True\n",
      "True\n",
      "[[1.         0.9650151  0.83466203 1.00279738]\n",
      " [0.9650151  1.         1.00000001 1.        ]\n",
      " [0.83466203 1.00000001 1.         1.        ]\n",
      " [1.00279738 1.         1.         1.        ]]\n",
      "True\n",
      "False\n",
      "[[1.         1.         1.         1.        ]\n",
      " [1.         1.         1.         0.99999999]\n",
      " [1.         1.         1.         1.00000001]\n",
      " [1.         0.99999999 1.00000001 1.        ]]\n",
      "True\n",
      "True\n"
     ]
    }
   ],
   "source": [
    "# write a test to check that all elements along the diagonal of a matrix are 1\n",
    "import numpy as np\n",
    "def test_diagonal_one(m):\n",
    "    return np.allclose(np.diag(m), np.ones(m.shape[0]))\n",
    "\n",
    "\n",
    "# test that the matrix piecewise multiplied by its transpose gives a matrix of ones\n",
    "# write documentation for the function below\n",
    "def test_matrix_mult(m):\n",
    "    \n",
    "    return np.allclose(m * m.T, np.ones(m.shape))\n",
    "\n",
    "\n",
    "# test the above two functions on the matrices in the matrices list\n",
    "for m in matrices:\n",
    "    print(m*m.T)\n",
    "    print(test_diagonal_one(m))\n",
    "    print(test_matrix_mult(m))\n"
   ]
  },
  {
   "cell_type": "code",
   "execution_count": 10,
   "metadata": {},
   "outputs": [
    {
     "data": {
      "text/plain": [
       "array([[1.        , 0.9650151 , 0.83466203, 1.00279738],\n",
       "       [0.9650151 , 1.        , 1.00000001, 1.        ],\n",
       "       [0.83466203, 1.00000001, 1.        , 1.        ],\n",
       "       [1.00279738, 1.        , 1.        , 1.        ]])"
      ]
     },
     "execution_count": 10,
     "metadata": {},
     "output_type": "execute_result"
    }
   ],
   "source": [
    "q = np.array([\n",
    "    [1, 1.08044319, 0.96728451, 0.88866342],\n",
    "    [0.89316598, 1, 1.14402467, 0.91814488],\n",
    "    [0.86289196, 0.87410703, 1, 1.1469671],\n",
    "    [1.12843328, 1.08915273, 0.87186459, 1]\n",
    "])\n",
    "\n",
    "q*q.T\n"
   ]
  },
  {
   "cell_type": "code",
   "execution_count": 11,
   "metadata": {},
   "outputs": [
    {
     "data": {
      "text/plain": [
       "array([[1.        , 1.08044319, 0.96728451, 0.88866342],\n",
       "       [0.89316598, 1.        , 1.14402467, 0.91814488],\n",
       "       [0.86289196, 0.87410703, 1.        , 1.1469671 ],\n",
       "       [1.12843328, 1.08915273, 0.87186459, 1.        ]])"
      ]
     },
     "execution_count": 11,
     "metadata": {},
     "output_type": "execute_result"
    }
   ],
   "source": [
    "q"
   ]
  },
  {
   "cell_type": "code",
   "execution_count": 12,
   "metadata": {},
   "outputs": [
    {
     "data": {
      "text/plain": [
       "12"
      ]
     },
     "execution_count": 12,
     "metadata": {},
     "output_type": "execute_result"
    }
   ],
   "source": [
    "len(matrices)"
   ]
  },
  {
   "cell_type": "code",
   "execution_count": 107,
   "metadata": {},
   "outputs": [],
   "source": [
    "# write a generic class name currency_holding that has as attributes: month, currency, amount, transaction history; and @property decorators for each attribute. Also include documentation.\n",
    "class CurrencyHolding:\n",
    "    \"\"\"\n",
    "    The currency holding class represents a currency holding for a given month.\n",
    "    We only keep the path leading to the largest currency holding.\n",
    "    We keep the transaction history in a list of tuples (from_currency, to_currency, rate, amount).\n",
    "    \"\"\"\n",
    "    def __init__(self, month, currency, amount, transaction_history):\n",
    "        \"\"\"\n",
    "        The constructor for the currency holding class.\n",
    "        \"\"\"\n",
    "        self.month = month\n",
    "        self.currency = currency\n",
    "        self.amount = amount\n",
    "        self.transaction_history = transaction_history\n",
    "\n",
    "    \n",
    "    def __str__(self):\n",
    "        \"\"\"\n",
    "        The string representation of the currency holding.\n",
    "        \"\"\"\n",
    "        return f'Month {self.month} Currency {self.currency} Amount {self.amount} \\n Transaction History {self.transaction_history}'\n",
    "\n",
    "    def __repr__(self):\n",
    "        \"\"\"\n",
    "        The string representation of the currency holding.\n",
    "        \"\"\"\n",
    "        return f'CurrencyHolding(month={self.month}, currency={self.currency}, amount={self.amount}, transaction_history={self.transaction_history})'\n",
    "    \n",
    "    @property\n",
    "    def month(self):\n",
    "        \"\"\"\n",
    "        Get the month.\n",
    "        \"\"\"\n",
    "        return self._month\n",
    "\n",
    "    @month.setter\n",
    "    def month(self, month):\n",
    "        \"\"\"\n",
    "        Set the month.\n",
    "        \"\"\"\n",
    "        self._month = month\n",
    "\n",
    "    @property\n",
    "    def currency(self):\n",
    "        \"\"\"\n",
    "        Get the currency.\n",
    "        \"\"\"\n",
    "        return self._currency\n",
    "\n",
    "    @currency.setter\n",
    "    def currency(self, currency):\n",
    "        \"\"\"\n",
    "        Set the currency.\n",
    "        \"\"\"\n",
    "        self._currency = currency\n",
    "\n",
    "    @property\n",
    "    def amount(self):\n",
    "        \"\"\"\n",
    "        Get the amount.\n",
    "        \"\"\"\n",
    "        return self._amount\n",
    "\n",
    "    @amount.setter\n",
    "    def amount(self, amount):\n",
    "        \"\"\"\n",
    "        Set the amount, making sure amount is convertible to float and positive.\n",
    "        \"\"\"\n",
    "        try:\n",
    "            amount = float(amount)\n",
    "        except ValueError:\n",
    "            raise ValueError('Amount must be convertible to float.')\n",
    "        if not amount>=0:\n",
    "            raise ValueError('Amount must be positive.')\n",
    "        self._amount = amount\n",
    "\n",
    "    @property\n",
    "    def transaction_history(self):\n",
    "        \"\"\"\n",
    "        Get the transaction history.\n",
    "        \"\"\"\n",
    "        return self._transaction_history\n",
    "\n",
    "    @transaction_history.setter\n",
    "    def transaction_history(self, transaction_history):\n",
    "        \"\"\"\n",
    "        Set the transaction history.\n",
    "        \"\"\"\n",
    "        self._transaction_history = transaction_history\n"
   ]
  },
  {
   "cell_type": "code",
   "execution_count": 15,
   "metadata": {},
   "outputs": [
    {
     "data": {
      "text/plain": [
       "array([[1.        , 1.08044319, 0.96728451, 0.88866342],\n",
       "       [0.89316598, 1.        , 1.14402467, 0.91814488],\n",
       "       [0.86289196, 0.87410703, 1.        , 1.1469671 ],\n",
       "       [1.12843328, 1.08915273, 0.87186459, 1.        ]])"
      ]
     },
     "execution_count": 15,
     "metadata": {},
     "output_type": "execute_result"
    }
   ],
   "source": [
    "q"
   ]
  },
  {
   "cell_type": "code",
   "execution_count": 16,
   "metadata": {},
   "outputs": [
    {
     "data": {
      "text/plain": [
       "array([[1.        , 0.74912488, 0.94462675, 0.81221404],\n",
       "       [1.33489092, 1.        , 1.31850973, 1.19237963],\n",
       "       [1.05861919, 0.75843202, 1.        , 0.94786255],\n",
       "       [1.23120255, 0.83866098, 1.05500529, 1.        ]])"
      ]
     },
     "execution_count": 16,
     "metadata": {},
     "output_type": "execute_result"
    }
   ],
   "source": [
    "i=matrices[0]\n",
    "i"
   ]
  },
  {
   "cell_type": "code",
   "execution_count": 17,
   "metadata": {},
   "outputs": [
    {
     "data": {
      "text/plain": [
       "array([1, 0, 0, 0])"
      ]
     },
     "execution_count": 17,
     "metadata": {},
     "output_type": "execute_result"
    }
   ],
   "source": [
    "currency_order = ['GBP', 'USD', 'EUR', 'JPY']\n",
    "\n",
    "# initialise 4 currency holdings, one for each currency, where only GBP has a non-zero amount of 1. Transaction history is empty. Month is 0. \n",
    "currency_holdings = [currency_holding(0, currency, 1 if currency=='GBP' else 0, []) for currency in currency_order]\n",
    "\n",
    "# compile a numpy list of current holding amounts in order of currency_order\n",
    "current_holdings = np.array([currency_holdings[currency_order.index(currency)].amount for currency in currency_order])\n",
    "\n",
    "current_holdings"
   ]
  },
  {
   "cell_type": "code",
   "execution_count": 18,
   "metadata": {},
   "outputs": [
    {
     "name": "stdout",
     "output_type": "stream",
     "text": [
      "0 GBP 1.0 [('GBP', 'GBP', 1.0, 1.0)]\n",
      "0 USD 0.74912488 [('GBP', 'USD', 0.74912488, 0.74912488)]\n",
      "0 EUR 0.94462675 [('GBP', 'EUR', 0.94462675, 0.94462675)]\n",
      "0 JPY 0.81221404 [('GBP', 'JPY', 0.81221404, 0.81221404)]\n"
     ]
    }
   ],
   "source": [
    "# multiply the current holdings by the exchange rate matrix i to get the new possible holdings, get the maximum possible holding for each currency, and update the currency holdings\n",
    "new_holdings = np.dot(current_holdings, i)\n",
    "max_holdings = np.max(new_holdings)\n",
    "for currency, amount in zip(currency_order, new_holdings):\n",
    "    current_currency_holdings[currency_order.index(currency)].amount = amount\n",
    "    currency_holdings[currency_order.index(currency)].transaction_history.append(('GBP', currency, i[currency_order.index('GBP'), currency_order.index(currency)], amount))\n",
    "\n",
    "# print the new currency holdings\n",
